0
0
3
3
0
3
0
3
0
1
1131
1131
0
0
-1
-1
-1
-1
-1
1
1
1414
849
0
0
-1
-1
-1
-1
-1
2
1
849
1414
0
0
-1
-1
-1
-1
-1
3
0
3
0
3
0
1
1507
1838
0
0
-1
-1
-1
-1
-1
1
1
2213
807
0
0
-1
-1
-1
-1
-1
2
1
1418
1978
0
0
-1
-1
-1
-1
-1
3
0
3
0
3
0
1
1883
2545
0
0
-1
-1
-1
-1
-1
1
1
3012
765
0
0
-1
-1
-1
-1
-1
2
1
1987
2542
0
0
-1
-1
-1
-1
-1
3
0
3
0
3
0
1
2259
3252
0
0
-1
-1
-1
-1
-1
1
1
3811
723
0
0
-1
-1
-1
-1
-1
2
1
2556
3105
0
0
-1
-1
-1
-1
-1
3
0
3
0
3
0
1
2635
3959
0
0
-1
-1
-1
-1
-1
1
1
4610
681
0
0
-1
-1
-1
-1
-1
2
1
3125
3669
0
0
-1
-1
-1
-1
-1
3
0
3
0
3
0
1
3012
4665
0
0
-1
-1
-1
-1
-1
1
1
5409
639
0
0
-1
-1
-1
-1
-1
2
1
3694
4233
0
0
-1
-1
-1
-1
-1
3
0
3
0
4
0
1
3388
5371
0
0
-1
-1
-1
-1
-1
1
1
6208
597
0
0
-1
-1
-1
-1
-1
2
1
4263
4795
0
0
-1
-1
-1
-1
-1
6
0
7710
861
0
0
10
-221
332
0
0
3
2
3
0
4
0
1
3939
4790
0
0
-1
-1
-1
-1
-1
1
1
7007
554
0
0
-1
-1
-1
-1
-1
2
1
4832
5358
0
0
-1
-1
-1
-1
-1
6
0
7489
1193
0
0
8
-221
332
0
0
3
4
3
0
5
0
1
4489
4210
0
0
-1
-1
-1
-1
-1
1
1
7806
511
0
0
-1
-1
-1
-1
-1
2
1
5401
5921
0
0
-1
-1
-1
-1
-1
6
0
7268
1525
0
0
6
-221
332
0
0
9
0
5844
7202
0
0
10
147
-371
0
0
3
8
3
0
5
0
1
4993
4831
0
0
-1
-1
-1
-1
-1
1
1
7414
1208
0
0
-1
-1
-1
-1
-1
2
1
5970
6484
0
0
-1
-1
-1
-1
-1
6
0
7047
1857
0
0
4
-221
332
0
0
9
0
5991
6831
0
0
8
147
-371
0
0
3
12
3
2
6
0
1
5497
5452
0
0
-1
-1
-1
-1
-1
1
1
7047
1857
0
0
-1
-1
-1
-1
-1
2
1
6538
7047
0
0
-1
-1
-1
-1
-1
6
0
6826
2189
0
0
2
-221
332
0
0
9
0
6138
6460
0
0
6
147
-371
0
0
11
0
7563
8807
0
0
10
-313
-248
0
1
3
16
3
4
5
0
1
6120
5954
0
0
-1
-1
-1
-1
-1
1
1
6826
2189
0
0
-1
-1
-1
-1
-1
2
1
6779
7809
0
0
-1
-1
-1
-1
-1
9
0
6285
6089
0
0
4
147
-371
0
0
11
0
7250
8559
0
0
10
-313
-248
0
1
3
20
3
8
6
0
1
6285
6089
0
0
-1
-1
-1
-1
-1
1
1
7283
1533
0
0
-1
-1
-1
-1
-1
2
1
6937
8311
0
0
-1
-1
-1
-1
-1
5
2
7711
4440
0
0
-1
-1
-1
-1
-1
9
0
6432
5718
0
0
2
147
-371
0
0
11
0
6937
8311
0
0
8
-313
-248
0
1
3
24
3
10
5
0
1
6432
5718
0
0
-1
-1
-1
-1
-1
1
1
7740
876
0
0
-1
-1
-1
-1
-1
2
1
6937
8311
0
0
-1
-1
-1
-1
-1
5
2
6956
4178
0
0
-1
-1
-1
-1
-1
11
0
6624
8063
0
0
6
-313
-248
0
1
3
26
3
10
4
0
1
6056
6423
0
0
-1
-1
-1
-1
-1
1
1
8000
500
0
0
-1
-1
-1
-1
-1
2
1
6624
8063
0
0
-1
-1
-1
-1
-1
11
0
6311
7815
0
0
4
-313
-248
0
1
3
28
3
10
4
0
1
5680
7128
0
0
-1
-1
-1
-1
-1
1
1
8000
500
0
0
-1
-1
-1
-1
-1
2
1
6311
7815
0
0
-1
-1
-1
-1
-1
11
0
5998
7567
0
0
2
-313
-248
0
1
3
32
3
10
3
0
1
5303
7833
0
0
-1
-1
-1
-1
-1
1
1
8000
500
0
0
-1
-1
-1
-1
-1
2
1
5998
7567
0
0
-1
-1
-1
-1
-1
3
32
3
10
3
0
1
5000
8400
0
0
-1
-1
-1
-1
-1
1
1
8000
500
0
0
-1
-1
-1
-1
-1
2
1
6740
7868
0
0
-1
-1
-1
-1
-1
3
32
3
10
3
0
1
5000
8400
0
0
-1
-1
-1
-1
-1
1
1
8000
500
0
0
-1
-1
-1
-1
-1
2
1
7481
8169
0
0
-1
-1
-1
-1
-1
3
32
3
10
7
0
1
5000
8400
0
0
-1
-1
-1
-1
-1
1
1
8000
500
0
0
-1
-1
-1
-1
-1
2
1
7800
8300
0
0
-1
-1
-1
-1
-1
15
0
5735
8943
0
0
11
-385
-107
0
0
18
0
8233
248
0
0
11
-194
349
0
0
19
0
9397
8752
0
0
11
194
-349
0
0
21
0
4512
8641
0
0
11
-101
-386
0
1
3
38
3
10
7
0
1
5123
8792
0
0
-1
-1
-1
-1
-1
1
1
8233
248
0
0
-1
-1
-1
-1
-1
2
1
8594
8201
0
0
-1
-1
-1
-1
-1
15
0
5350
8836
0
0
9
-385
-107
0
0
18
0
8039
597
0
0
9
-194
349
0
0
19
0
9591
8403
0
0
11
194
-349
0
0
21
0
4411
8255
0
0
9
-101
-386
0
1
3
46
3
10
8
0
1
4880
8545
0
0
-1
-1
-1
-1
-1
1
1
8039
597
0
0
-1
-1
-1
-1
-1
2
1
9387
8103
0
0
-1
-1
-1
-1
-1
8
0
9875
6621
0
0
10
-147
371
0
0
15
0
4965
8729
0
0
7
-385
-107
0
0
18
0
7845
946
0
0
7
-194
349
0
0
19
0
9785
8054
0
0
9
194
-349
0
0
21
0
4310
7869
0
0
7
-101
-386
0
1
3
56
3
10
8
0
1
4637
8299
0
0
-1
-1
-1
-1
-1
1
1
7845
946
0
0
-1
-1
-1
-1
-1
2
1
9783
7408
0
0
-1
-1
-1
-1
-1
8
0
9728
6992
0
0
8
-147
371
0
0
15
0
4580
8622
0
0
5
-385
-107
0
0
18
0
7651
1295
0
0
5
-194
349
0
0
19
0
9979
7705
0
0
7
194
-349
0
0
21
0
4209
7483
0
0
5
-101
-386
0
1
3
66
3
12
8
0
1
4394
8052
0
0
-1
-1
-1
-1
-1
1
1
7651
1295
0
0
-1
-1
-1
-1
-1
2
1
9853
7348
0
0
-1
-1
-1
-1
-1
8
0
9581
7363
0
0
6
-147
371
0
0
15
0
4195
8515
0
0
3
-385
-107
0
0
18
0
7457
1644
0
0
3
-194
349
0
0
19
0
10173
7356
0
0
5
194
-349
0
0
21
0
4108
7097
0
0
3
-101
-386
0
1
3
76
3
14
10
0
1
4151
7806
0
0
-1
-1
-1
-1
-1
1
1
7457
1644
0
0
-1
-1
-1
-1
-1
2
1
9877
7359
0
0
-1
-1
-1
-1
-1
8
0
9434
7734
0
0
4
-147
371
0
0
15
0
3810
8408
0
0
1
-385
-107
0
0
18
0
7263
1993
0
0
1
-194
349
0
0
19
0
10367
7007
0
0
3
194
-349
0
0
21
0
4007
6711
0
0
1
-101
-386
0
1
23
0
8299
8716
0
0
12
-172
-361
0
1
25
0
4053
8875
0
0
12
-254
-308
0
1
3
84
3
18
8
0
1
4021
7016
0
0
-1
-1
-1
-1
-1
1
1
7263
1993
0
0
-1
-1
-1
-1
-1
2
1
9900
7370
0
0
-1
-1
-1
-1
-1
8
0
9287
8105
0
0
2
-147
371
0
0
15
0
3425
8301
0
0
1
-385
-107
0
0
19
0
10561
6658
0
0
1
194
-349
0
0
23
0
8127
8355
0
0
12
-172
-361
0
1
25
0
3799
8567
0
0
12
-254
-308
0
1
3
88
3
22
5
0
1
3607
7700
0
0
-1
-1
-1
-1
-1
1
1
7368
2787
0
0
-1
-1
-1
-1
-1
2
1
10401
6747
0
0
-1
-1
-1
-1
-1
8
0
9140
8476
0
0
2
-147
371
0
0
25
0
3545
8259
0
0
12
-254
-308
0
1
3
90
3
24
6
0
1
3545
8259
0
0
-1
-1
-1
-1
-1
1
1
7582
2016
0
0
-1
-1
-1
-1
-1
2
1
9714
7157
0
0
-1
-1
-1
-1
-1
8
0
8993
8847
0
0
2
-147
371
0
0
23
0
7783
7633
0
0
12
-172
-361
0
1
25
0
3291
7951
0
0
10
-254
-308
0
1
3
92
3
28
5
0
1
3291
7951
0
0
-1
-1
-1
-1
-1
1
1
7610
2816
0
0
-1
-1
-1
-1
-1
2
1
9027
7567
0
0
-1
-1
-1
-1
-1
23
0
7611
7272
0
0
12
-172
-361
0
1
25
0
3037
7643
0
0
8
-254
-308
0
1
3
94
3
34
7
0
1
3037
7643
0
0
-1
-1
-1
-1
-1
1
1
7638
3616
0
0
-1
-1
-1
-1
-1
2
1
8341
7977
0
0
-1
-1
-1
-1
-1
23
0
7439
6911
0
0
12
-172
-361
0
1
25
0
2783
7335
0
0
6
-254
-308
0
1
27
0
8728
8605
0
0
12
-29
-398
0
0
29
0
4587
8623
0
0
12
-76
-392
0
1
3
98
3
34
7
0
1
2783
7335
0
0
-1
-1
-1
-1
-1
1
1
7392
4378
0
0
-1
-1
-1
-1
-1
2
1
8728
8605
0
0
-1
-1
-1
-1
-1
23
0
7267
6550
0
0
12
-172
-361
0
1
25
0
2529
7027
0
0
4
-254
-308
0
1
27
0
8699
8207
0
0
10
-29
-398
0
0
29
0
4511
8231
0
0
12
-76
-392
0
1
3
102
3
34
7
0
1
2529
7027
0
0
-1
-1
-1
-1
-1
1
1
7146
5139
0
0
-1
-1
-1
-1
-1
2
1
8699
8207
0
0
-1
-1
-1
-1
-1
23
0
7095
6189
0
0
12
-172
-361
0
1
25
0
2275
6719
0
0
2
-254
-308
0
1
27
0
8670
7809
0
0
8
-29
-398
0
0
29
0
4435
7839
0
0
12
-76
-392
0
1
3
96
3
34
5
0
1
2275
6719
0
0
-1
-1
-1
-1
-1
1
1
7146
5139
0
0
-1
-1
-1
-1
-1
2
1
8670
7809
0
0
-1
-1
-1
-1
-1
23
0
6923
5828
0
1
12
373
142
0
2
27
0
8641
7411
0
0
6
-29
-398
0
0
3
98
3
36
6
0
1
2817
6130
0
0
-1
-1
-1
-1
-1
1
1
7291
4353
0
0
-1
-1
-1
-1
-1
2
1
8641
7411
0
0
-1
-1
-1
-1
-1
23
0
7297
5970
0
0
12
373
142
0
2
27
0
8612
7013
0
0
4
-29
-398
0
0
29
0
4283
7055
0
0
12
-76
-392
0
1
3
100
3
38
7
0
1
3564
6416
0
0
-1
-1
-1
-1
-1
1
1
7586
5096
0
0
-1
-1
-1
-1
-1
2
1
8612
7013
0
0
-1
-1
-1
-1
-1
23
0
7670
6112
0
0
12
373
142
0
2
27
0
8583
6615
0
0
2
-29
-398
0
0
29
0
4207
6663
0
0
12
-76
-392
0
1
31
0
9301
8704
0
0
13
162
-365
0
0
3
108
3
40
5
0
1
4207
6663
0
0
-1
-1
-1
-1
-1
1
1
8097
5711
0
0
-1
-1
-1
-1
-1
2
1
8260
6295
0
0
-1
-1
-1
-1
-1
23
0
8043
6254
0
0
8
373
142
0
2
29
0
4131
6271
0
0
10
-76
-392
0
1
3
112
3
42
6
0
1
4131
6271
0
0
-1
-1
-1
-1
-1
1
1
8006
6505
0
0
-1
-1
-1
-1
-1
2
1
8082
7074
0
0
-1
-1
-1
-1
-1
23
0
8416
6396
0
0
6
373
142
0
2
29
0
4055
5879
0
0
8
-76
-392
0
1
31
0
9625
7974
0
0
13
162
-365
0
0
3
98
3
46
6
0
1
4055
5879
0
0
-1
-1
-1
-1
-1
1
1
8006
6505
0
0
-1
-1
-1
-1
-1
2
1
8082
7074
0
0
-1
-1
-1
-1
-1
23
0
8789
6538
0
0
2
373
142
0
2
29
0
3979
5487
0
0
6
-76
-392
0
1
31
0
9787
7609
0
1
13
378
-130
0
2
3
104
3
50
5
0
1
3979
5487
0
0
-1
-1
-1
-1
-1
1
1
8744
6814
0
0
-1
-1
-1
-1
-1
2
1
8879
7008
0
0
-1
-1
-1
-1
-1
29
0
3903
5095
0
0
4
-76
-392
0
1
31
0
10165
7478
0
0
13
378
-130
0
2
3
96
3
52
6
0
1
3903
5095
0
0
-1
-1
-1
-1
-1
1
1
8651
6019
0
0
-1
-1
-1
-1
-1
2
1
8879
7008
0
0
-1
-1
-1
-1
-1
26
0
9192
4375
0
0
12
29
398
0
0
29
0
3827
4703
0
0
2
-76
-392
0
1
31
0
10543
7348
0
1
13
399
5
0
2
3
98
3
58
5
0
1
3827
4703
0
0
-1
-1
-1
-1
-1
1
1
8983
5291
0
0
-1
-1
-1
-1
-1
2
1
9672
7106
0
0
-1
-1
-1
-1
-1
26
0
9221
4773
0
0
12
29
398
0
0
31
0
10942
7353
0
0
13
399
5
0
2
3
102
3
64
5
0
1
4069
5465
0
0
-1
-1
-1
-1
-1
1
1
9221
4773
0
0
-1
-1
-1
-1
-1
2
1
10465
7204
0
0
-1
-1
-1
-1
-1
26
0
9250
5171
0
0
10
29
398
0
0
31
0
11341
7358
0
0
11
399
5
0
2
3
94
3
66
6
0
1
4069
5465
0
0
-1
-1
-1
-1
-1
1
1
9221
4773
0
0
-1
-1
-1
-1
-1
2
1
10465
7204
0
0
-1
-1
-1
-1
-1
26
0
9279
5569
0
0
8
29
398
0
0
31
0
11740
7363
0
1
11
354
-184
0
2
37
0
4317
7453
0
0
13
-83
-391
0
1
3
98
3
68
6
0
1
4124
6263
0
0
-1
-1
-1
-1
-1
1
1
9279
5569
0
0
-1
-1
-1
-1
-1
2
1
11260
7120
0
0
-1
-1
-1
-1
-1
26
0
9308
5967
0
0
6
29
398
0
0
31
0
12094
7178
0
0
9
354
-184
0
2
37
0
4234
7062
0
0
13
-83
-391
0
1
3
104
3
70
7
0
1
4151
6671
0
0
-1
-1
-1
-1
-1
1
1
9308
5967
0
0
-1
-1
-1
-1
-1
2
1
12055
7035
0
0
-1
-1
-1
-1
-1
26
0
9337
6365
0
0
4
29
398
0
0
31
0
12448
6994
0
0
7
354
-184
0
2
37
0
4151
6671
0
0
11
-83
-391
0
1
41
0
4866
8602
0
0
14
17
-399
0
0
3
100
3
76
8
0
1
4151
6671
0
0
-1
-1
-1
-1
-1
1
1
9337
6365
0
0
-1
-1
-1
-1
-1
2
1
12448
6994
0
0
-1
-1
-1
-1
-1
26
0
9366
6763
0
0
2
29
398
0
0
31
0
12802
6810
0
0
5
354
-184
0
2
35
0
5773
7882
0
0
13
-338
-213
0
1
37
0
4068
6280
0
1
9
391
79
0
2
41
0
4883
8203
0
0
14
17
-399
0
0
3
106
3
76
7
0
1
4068
6280
0
0
-1
-1
-1
-1
-1
1
1
9366
6763
0
0
-1
-1
-1
-1
-1
2
1
12802
6810
0
0
-1
-1
-1
-1
-1
31
0
13156
6626
0
0
3
354
-184
0
2
35
0
5435
7669
0
0
13
-338
-213
0
1
37
0
4460
6359
0
0
7
391
79
0
2
41
0
4900
7804
0
0
14
17
-399
0
0
3
110
3
76
10
0
1
4670
6807
0
0
-1
-1
-1
-1
-1
1
1
8609
6505
0
0
-1
-1
-1
-1
-1
2
1
13156
6626
0
0
-1
-1
-1
-1
-1
4
2
15091
6576
0
0
-1
-1
-1
-1
-1
5
2
15091
6576
0
0
-1
-1
-1
-1
-1
31
0
13510
6442
0
0
1
339
210
1
2
35
0
5097
7456
0
0
13
-338
-213
0
1
37
0
4851
6438
0
0
5
391
79
0
2
39
0
7417
7855
0
0
14
-233
-324
0
1
41
0
4917
7405
0
0
14
17
-399
0
0
3
108
3
76
11
0
1
4955
7099
0
0
-1
-1
-1
-1
-1
1
1
8609
6505
0
0
-1
-1
-1
-1
-1
2
1
13510
6442
0
0
-1
-1
-1
-1
-1
3
2
15007
6847
0
0
-1
-1
-1
-1
-1
4
2
14292
6624
0
0
-1
-1
-1
-1
-1
5
2
14292
6624
0
0
-1
-1
-1
-1
-1
30
0
6061
5406
0
0
13
-162
365
0
0
35
0
4759
7243
0
0
11
-338
-213
0
1
37
0
5242
6517
0
0
3
391
79
0
2
39
0
7184
7531
0
1
14
393
69
0
2
41
0
4934
7006
0
0
12
17
-399
0
0
3
112
3
76
12
0
1
4993
6299
0
0
-1
-1
-1
-1
-1
1
1
8053
5930
0
0
-1
-1
-1
-1
-1
2
1
12772
6132
0
0
-1
-1
-1
-1
-1
3
2
14212
6755
0
0
-1
-1
-1
-1
-1
4
2
14183
5831
0
0
-1
-1
-1
-1
-1
5
2
13533
6369
0
0
-1
-1
-1
-1
-1
30
0
5899
5771
0
0
13
-162
365
0
0
35
0
4421
7030
0
0
11
-338
-213
0
1
36
0
13894
4284
0
0
13
83
391
0
2
37
0
5633
6596
0
0
1
391
79
0
2
39
0
7578
7600
0
0
14
393
69
0
2
41
0
4951
6607
0
0
10
17
-399
0
0
3
86
3
78
11
0
1
4993
6299
0
0
-1
-1
-1
-1
-1
1
1
8053
5930
0
0
-1
-1
-1
-1
-1
2
1
12772
6132
0
0
-1
-1
-1
-1
-1
3
2
14122
5960
0
0
-1
-1
-1
-1
-1
4
2
14042
5043
0
0
-1
-1
-1
-1
-1
5
2
13735
5595
0
0
-1
-1
-1
-1
-1
30
0
5737
6136
0
1
13
385
108
0
2
35
0
4083
6817
0
0
11
-338
-213
0
1
36
0
13977
4675
0
1
11
325
232
0
2
39
0
7971
7669
0
0
14
393
69
0
2
41
0
4968
6208
0
0
8
17
-399
0
0
3
88
3
84
11
0
1
4929
6387
0
0
-1
-1
-1
-1
-1
1
1
8334
6679
0
0
-1
-1
-1
-1
-1
2
1
13477
5754
0
0
-1
-1
-1
-1
-1
3
2
14256
5171
0
0
-1
-1
-1
-1
-1
4
2
14302
4907
0
0
-1
-1
-1
-1
-1
5
2
14243
4977
0
0
-1
-1
-1
-1
-1
30
0
6123
6244
0
0
13
385
108
0
2
35
0
3745
6604
0
0
11
-338
-213
0
1
36
0
14302
4907
0
0
5
325
232
0
2
39
0
8364
7738
0
0
14
393
69
0
2
41
0
4985
5809
0
0
6
17
-399
0
0
3
94
3
80
11
0
1
4951
6219
0
0
-1
-1
-1
-1
-1
1
1
8615
7428
0
0
-1
-1
-1
-1
-1
2
1
14182
5376
0
1
-1
-1
-1
-1
-1
3
2
14256
5171
0
0
-1
-1
-1
-1
-1
4
2
14627
5139
0
0
-1
-1
-1
-1
-1
5
2
14627
5139
0
0
-1
-1
-1
-1
-1
30
0
6508
6352
0
0
13
385
108
0
2
35
0
3407
6391
0
0
11
-338
-213
0
1
39
0
8757
7807
0
0
12
393
69
0
2
41
0
5002
5410
0
0
4
17
-399
0
0
43
0
10555
8149
0
0
14
290
-275
0
0
3
98
3
70
10
0
1
4996
5420
0
0
-1
-1
-1
-1
-1
1
1
8757
7807
0
0
-1
-1
-1
-1
-1
2
1
11364
4342
0
0
-1
-1
-1
-1
-1
30
0
6893
6460
0
0
13
385
108
0
2
35
0
3069
6178
0
0
11
-338
-213
0
1
38
0
11611
3089
0
0
14
233
324
0
2
39
0
9150
7876
0
0
10
393
69
0
2
40
0
12611
3989
0
0
14
-17
399
0
0
41
0
5019
5011
0
0
2
17
-399
0
0
43
0
10845
7874
0
0
14
290
-275
0
0
3
92
3
70
10
0
1
5019
5011
0
0
-1
-1
-1
-1
-1
1
1
9150
7876
0
0
-1
-1
-1
-1
-1
2
1
11364
4342
12
0
-1
-1
-1
-1
-1
4
2
13271
4471
0
0
-1
-1
-1
-1
-1
5
2
13121
4648
0
0
-1
-1
-1
-1
-1
38
0
11844
3413
0
0
14
233
324
0
2
39
0
9543
7945
0
0
8
393
69
0
2
40
0
12594
4388
0
0
14
-17
399
0
0
43
0
11135
7599
0
0
14
290
-275
0
0
47
0
8833
8602
0
0
15
6
-399
0
0
3
98
3
76
9
0
1
5785
5242
0
0
-1
-1
-1
-1
-1
1
1
9188
8273
0
0
-1
-1
-1
-1
-1
2
1
12159
4256
11
0
-1
-1
-1
-1
-1
4
2
12577
4787
0
0
-1
-1
-1
-1
-1
5
2
12577
4787
0
0
-1
-1
-1
-1
-1
38
0
12077
3737
0
0
14
233
324
0
2
39
0
9936
8014
0
0
6
393
69
0
2
40
0
12577
4787
0
0
8
-17
399
0
0
47
0
8839
8203
0
0
13
6
-399
0
0
3
106
3
82
11
0
1
6541
5506
0
0
-1
-1
-1
-1
-1
1
1
9387
8108
0
0
-1
-1
-1
-1
-1
2
1
12327
4262
10
0
-1
-1
-1
-1
-1
4
2
12560
5186
0
0
-1
-1
-1
-1
-1
5
2
12560
5186
0
0
-1
-1
-1
-1
-1
30
0
8048
6784
0
0
13
385
108
0
2
35
0
2055
5539
0
0
11
-338
-213
0
1
38
0
12310
4061
0
0
12
233
324
0
2
39
0
10329
8083
0
0
4
393
69
0
2
40
0
12560
5186
0
0
2
-17
399
0
0
47
0
8845
7804
0
0
11
6
-399
0
0
3
100
3
88
10
0
1
6541
5506
0
0
-1
-1
-1
-1
-1
1
1
9387
8108
0
0
-1
-1
-1
-1
-1
2
1
12327
4262
9
0
-1
-1
-1
-1
-1
4
2
12296
5941
0
0
-1
-1
-1
-1
-1
5
2
12543
5585
0
0
-1
-1
-1
-1
-1
30
0
8433
6892
0
0
13
385
108
0
2
35
0
1717
5326
0
0
11
-338
-213
0
1
38
0
12543
4385
0
1
10
55
396
0
2
39
0
10722
8152
0
0
4
393
69
0
2
47
0
8851
7405
0
0
9
6
-399
0
0
3
106
3
94
11
0
1
6220
4773
0
0
-1
-1
-1
-1
-1
1
1
9004
7405
0
0
-1
-1
-1
-1
-1
2
1
12543
4385
8
0
-1
-1
-1
-1
-1
4
2
12295
6499
0
0
-1
-1
-1
-1
-1
5
2
12597
4786
0
0
-1
-1
-1
-1
-1
30
0
8818
7000
0
0
11
385
108
0
2
35
0
1379
5113
0
0
11
-338
-213
0
1
38
0
12598
4781
0
0
6
55
396
0
2
42
0
5335
2501
0
0
14
-290
275
0
0
43
0
12295
6499
0
0
12
290
-275
0
0
47
0
8857
7006
0
0
7
6
-399
0
0
3
112
3
100
11
0
1
5898
4041
0
0
-1
-1
-1
-1
-1
1
1
8837
7003
0
0
-1
-1
-1
-1
-1
2
1
12598
4781
7
0
-1
-1
-1
-1
-1
4
2
12585
6224
0
0
-1
-1
-1
-1
-1
5
2
12653
5177
0
0
-1
-1
-1
-1
-1
30
0
9203
7108
0
0
9
385
108
0
2
35
0
1041
4900
0
0
11
-338
-213
0
1
38
0
12653
5177
0
0
2
55
396
0
2
42
0
5045
2776
0
0
14
-290
275
0
0
43
0
12585
6224
0
0
10
290
-275
0
0
47
0
8863
6607
0
0
5
6
-399
0
0
3
122
3
108
11
0
1
5576
3309
0
0
-1
-1
-1
-1
-1
1
1
9033
6857
0
0
-1
-1
-1
-1
-1
2
1
12644
5579
6
0
-1
-1
-1
-1
-1
4
2
12875
5949
0
0
-1
-1
-1
-1
-1
5
2
12708
5573
0
0
-1
-1
-1
-1
-1
30
0
9588
7216
0
0
7
385
108
0
2
35
0
703
4687
0
0
11
-59
-395
1
1
42
0
4755
3051
0
0
12
-290
275
0
0
43
0
12875
5949
0
0
4
290
-275
0
0
45
0
769
5935
0
0
14
-289
-276
0
0
47
0
8869
6208
0
0
3
6
-399
0
0
3
130
3
114
10
0
1
4779
3253
0
0
-1
-1
-1
-1
-1
1
1
9228
6712
0
0
-1
-1
-1
-1
-1
2
1
12875
5949
5
0
-1
-1
-1
-1
-1
4
2
13165
5674
0
0
-1
-1
-1
-1
-1
5
2
13165
5674
0
0
-1
-1
-1
-1
-1
30
0
9973
7324
0
0
5
385
108
0
2
35
0
644
4292
0
0
11
-59
-395
1
1
42
0
4465
3326
0
0
10
-290
275
0
0
45
0
480
5659
0
0
14
-289
-276
0
0
47
0
8875
5809
0
0
1
6
-399
0
0
3
134
3
114
11
0
1
3981
3209
0
0
-1
-1
-1
-1
-1
1
1
9021
5938
0
0
-1
-1
-1
-1
-1
2
1
12301
6506
4
0
-1
-1
-1
-1
-1
4
2
12875
5949
0
0
-1
-1
-1
-1
-1
5
2
13031
6462
0
0
-1
-1
-1
-1
-1
30
0
10358
7432
0
0
5
385
108
0
2
35
0
585
3897
0
0
11
-59
-395
1
1
39
0
12687
8497
0
0
4
397
40
1
2
42
0
4175
3601
0
0
8
-290
275
0
0
45
0
191
5383
0
0
14
-289
-276
0
0
49
0
6872
5916
0
0
15
187
-353
0
0
3
126
3
114
11
0
1
3981
3209
0
0
-1
-1
-1
-1
-1
1
1
9021
5938
0
0
-1
-1
-1
-1
-1
2
1
11727
7064
3
0
-1
-1
-1
-1
-1
5
2
13051
7261
0
0
-1
-1
-1
-1
-1
30
0
10743
7540
0
0
5
385
108
0
2
35
0
526
3502
0
0
11
-59
-395
1
1
39
0
13084
8537
0
0
4
397
40
1
2
42
0
3885
3876
0
0
6
-290
275
0
0
46
0
8743
3989
0
0
15
-6
399
0
0
49
0
7059
5563
0
1
15
392
76
0
2
51
0
11307
8525
0
0
15
356
-182
0
2
3
128
3
116
9
0
1
3226
2946
0
0
-1
-1
-1
-1
-1
1
1
9609
6480
0
0
-1
-1
-1
-1
-1
2
1
11500
7831
2
0
-1
-1
-1
-1
-1
5
2
13299
8021
0
0
-1
-1
-1
-1
-1
30
0
11128
7648
0
0
5
385
108
0
2
35
0
467
3107
0
0
11
-59
-395
1
1
39
0
13481
8577
0
0
2
397
40
1
2
42
0
3595
4151
0
0
6
-290
275
0
0
51
0
11663
8343
0
0
13
356
-182
0
2
3
132
3
118
9
0
1
2471
2683
0
0
-1
-1
-1
-1
-1
1
1
10219
6997
0
0
-1
-1
-1
-1
-1
2
1
11395
7995
1
0
-1
-1
-1
-1
-1
4
2
12731
6971
0
0
-1
-1
-1
-1
-1
30
0
11513
7756
0
0
3
385
108
0
2
35
0
408
2712
0
0
11
-59
-395
1
1
42
0
3305
4426
0
0
6
-290
275
0
0
50
0
5611
839
0
0
15
-356
182
0
1
51
0
12019
8161
0
0
11
356
-182
0
2
3
126
3
122
9
0
1
2471
2683
0
0
-1
-1
-1
-1
-1
1
1
10219
6997
0
0
-1
-1
-1
-1
-1
2
1
11766
7958
0
0
-1
-1
-1
-1
-1
4
2
12096
7457
0
0
-1
-1
-1
-1
-1
5
2
13117
8287
0
0
-1
-1
-1
-1
-1
35
0
349
2317
0
0
11
-59
-395
1
1
42
0
3015
4701
0
0
6
-290
275
0
0
50
0
5255
1021
0
0
15
-356
182
0
1
51
0
12375
7979
12
0
7
356
-182
0
2
3
126
3
116
11
0
1
1808
2236
0
0
-1
-1
-1
-1
-1
1
1
9419
7032
0
0
-1
-1
-1
-1
-1
2
1
10966
7923
0
1
-1
-1
-1
-1
-1
4
2
12096
7457
0
0
-1
-1
-1
-1
-1
5
2
12731
7797
0
0
-1
-1
-1
-1
-1
35
0
290
1922
0
0
11
-59
-395
1
1
42
0
2725
4976
0
0
6
-290
275
0
0
46
0
8719
5585
0
0
15
-6
399
0
0
49
0
8628
5867
0
0
15
392
76
0
2
50
0
4899
1203
0
0
15
-356
182
0
1
51
0
12731
7797
11
0
3
356
-182
0
2
3
116
3
112
10
0
1
1145
1789
0
0
-1
-1
-1
-1
-1
1
1
9419
7032
0
0
-1
-1
-1
-1
-1
2
1
10317
7454
0
1
-1
-1
-1
-1
-1
4
2
12096
7457
0
0
-1
-1
-1
-1
-1
35
0
231
1527
0
0
11
-59
-395
1
1
42
0
2435
5251
0
0
6
-290
275
0
0
46
0
8713
5984
0
0
15
-6
399
0
0
48
0
9636
5202
0
0
15
-187
353
0
0
49
0
9020
5943
0
1
15
377
132
0
2
50
0
4543
1385
0
0
15
-382
-116
1
1
3
108
3
112
11
0
1
482
1342
0
0
-1
-1
-1
-1
-1
1
1
9419
7032
0
0
-1
-1
-1
-1
-1
2
1
9668
6985
0
0
-1
-1
-1
-1
-1
35
0
172
1132
0
0
9
-60
-395
1
1
42
0
2145
5526
0
0
6
-290
275
0
0
46
0
8707
6383
0
0
15
-6
399
0
0
48
0
9449
5555
0
0
15
-187
353
0
0
49
0
9397
6075
0
1
15
366
161
0
2
50
0
4161
1269
0
0
15
-382
-116
1
1
53
0
1487
5808
0
0
15
-256
-307
0
1
59
0
9673
8962
0
0
16
286
-279
0
0
3
90
3
112
10
0
1
172
1132
0
0
-1
-1
-1
-1
-1
1
1
9419
7032
0
0
-1
-1
-1
-1
-1
2
1
9668
6985
12
0
-1
-1
-1
-1
-1
35
0
112
737
0
0
7
-60
-395
1
1
46
0
8701
6782
0
0
15
-6
399
0
0
48
0
9262
5908
0
0
15
-187
353
0
0
49
0
9763
6236
0
1
15
398
-31
0
2
50
0
3779
1153
0
0
15
-382
-116
1
1
53
0
1231
5501
0
0
15
-256
-307
0
1
59
0
9959
8683
0
0
16
286
-279
0
0
3
94
3
112
9
0
1
172
1132
0
0
-1
-1
-1
-1
-1
1
1
9242
6308
0
0
-1
-1
-1
-1
-1
2
1
9242
6308
11
0
-1
-1
-1
-1
-1
35
0
2118
1641
0
0
5
-316
-244
1
1
46
0
8695
7181
0
0
11
-6
399
0
0
48
0
9075
6261
0
0
11
-187
353
0
0
49
0
10161
6204
0
0
11
398
-31
0
2
50
0
3397
1037
0
0
15
-382
-116
1
1
53
0
975
5194
0
0
15
-256
-307
0
1
3
100
3
112
10
0
1
964
1019
0
0
-1
-1
-1
-1
-1
1
1
9310
6548
0
0
-1
-1
-1
-1
-1
2
1
9618
6232
10
0
-1
-1
-1
-1
-1
35
0
1802
1397
0
0
5
-316
-245
1
1
46
0
8689
7580
0
0
11
-6
399
0
0
48
0
8888
6614
0
0
7
-187
353
0
0
49
0
10559
6173
0
0
9
398
-31
0
2
50
0
3015
921
0
0
15
-382
-116
1
1
53
0
719
4887
0
0
15
-58
-395
1
1
59
0
10531
8125
0
0
16
286
-279
0
0
3
108
3
112
10
0
1
1761
945
0
0
-1
-1
-1
-1
-1
1
1
8788
7097
0
0
-1
-1
-1
-1
-1
2
1
10416
6178
9
0
-1
-1
-1
-1
-1
35
0
1486
1152
0
0
3
-316
-245
1
1
46
0
8683
7979
0
0
9
-6
399
0
0
48
0
8701
6967
0
0
5
-187
353
0
0
49
0
10957
6142
0
0
7
398
-31
0
2
50
0
2633
805
0
0
15
-382
-116
1
1
53
0
661
4492
0
0
15
-58
-395
1
1
59
0
10817
7846
0
0
16
286
-279
0
0
3
118
3
112
12
0
1
2059
978
0
0
-1
-1
-1
-1
-1
1
1
8692
7473
0
0
-1
-1
-1
-1
-1
2
1
10957
6142
8
0
-1
-1
-1
-1
-1
35
0
1170
907
0
0
1
-316
-245
1
1
46
0
8677
8378
0
0
7
-6
399
0
0
48
0
8514
7320
0
0
3
-187
353
0
0
49
0
11355
6111
0
0
5
398
-31
0
2
50
0
2251
689
0
0
13
-382
-117
1
1
53
0
603
4097
0
0
15
-58
-395
1
1
57
0
2033
5418
0
0
16
-214
-337
0
1
59
0
11103
7567
0
0
16
286
-279
0
0
63
0
9706
8998
0
0
17
297
-267
0
0
3
130
3
118
11
0
1
1710
798
0
0
-1
-1
-1
-1
-1
1
1
8595
7849
0
0
-1
-1
-1
-1
-1
2
1
11229
6839
7
0
-1
-1
-1
-1
-1
46
0
8671
8777
0
0
5
-6
399
0
0
48
0
8327
7673
0
0
1
-187
353
0
0
49
0
11753
6080
0
0
3
398
-31
0
2
50
0
1869
572
0
0
11
-382
-117
1
1
53
0
545
3702
0
0
15
-58
-395
1
1
57
0
1819
5081
0
0
16
-214
-337
0
1
59
0
11389
7288
0
0
14
286
-279
0
0
63
0
10003
8731
0
0
17
297
-267
0
0
3
140
3
124
9
0
1
1869
572
0
0
-1
-1
-1
-1
-1
1
1
8499
8225
0
0
-1
-1
-1
-1
-1
2
1
11571
6684
6
0
-1
-1
-1
-1
-1
49
0
12151
6049
0
0
1
398
-31
0
2
50
0
1487
455
0
0
9
-382
-117
1
1
53
0
487
3307
0
0
15
-58
-395
1
1
57
0
1605
4744
0
0
16
-214
-337
0
1
59
0
11675
7009
0
0
12
286
-279
0
0
63
0
10300
8464
0
0
17
297
-267
0
0
3
136
3
130
8
0
1
1487
455
0
0
-1
-1
-1
-1
-1
1
1
8499
8225
0
0
-1
-1
-1
-1
-1
2
1
11913
6529
5
0
-1
-1
-1
-1
-1
50
0
1105
338
0
0
7
-382
-117
1
1
53
0
429
2912
0
0
15
-58
-395
1
1
57
0
1391
4407
0
0
16
-120
-381
1
1
59
0
11961
6730
0
0
10
286
-279
0
0
63
0
10597
8197
0
1
17
384
109
0
2
3
130
3
136
9
0
1
1105
338
0
0
-1
-1
-1
-1
-1
1
1
8499
8225
0
0
-1
-1
-1
-1
-1
2
1
11961
6730
4
0
-1
-1
-1
-1
-1
50
0
723
221
0
0
5
-382
-116
1
1
53
0
371
2517
0
0
15
-58
-395
1
1
57
0
1271
4026
0
0
16
-120
-381
1
1
58
0
5383
2549
0
0
16
-286
279
0
0
59
0
12247
6451
0
0
8
286
-279
0
0
63
0
10981
8306
0
1
17
338
-213
0
2
3
124
3
138
11
0
1
1105
338
0
0
-1
-1
-1
-1
-1
1
1
9283
8067
0
0
-1
-1
-1
-1
-1
2
1
12247
6451
3
0
-1
-1
-1
-1
-1
50
0
2672
1243
0
0
3
-362
-168
1
1
53
0
313
2122
0
0
15
-58
-395
1
1
57
0
1151
3645
0
0
16
-120
-381
1
1
58
0
5097
2828
0
0
16
-286
279
0
0
59
0
12533
6172
0
0
6
286
-279
0
0
60
0
12971
4388
0
0
16
12
399
0
2
63
0
11319
8092
0
0
17
338
-213
0
2
67
0
8368
8689
0
0
17
-149
-370
0
1
3
116
3
142
11
0
1
1105
338
0
0
-1
-1
-1
-1
-1
1
1
9283
8067
0
0
-1
-1
-1
-1
-1
2
1
12533
6172
2
0
-1
-1
-1
-1
-1
50
0
2310
1075
0
0
3
-362
-168
1
1
53
0
255
1727
0
0
15
-58
-395
1
1
57
0
1031
3264
0
0
16
-120
-381
1
1
58
0
4811
3107
0
0
16
-286
279
0
0
59
0
12819
5893
0
0
4
286
-279
0
0
60
0
12983
4787
0
0
16
12
399
0
2
63
0
11657
7879
0
0
17
338
-213
0
2
67
0
8219
8319
0
1
17
396
49
0
2
3
110
3
146
11
0
1
1105
338
0
0
-1
-1
-1
-1
-1
1
1
9283
8067
0
0
-1
-1
-1
-1
-1
2
1
12938
5482
1
0
-1
-1
-1
-1
-1
4
2
14277
5829
0
0
-1
-1
-1
-1
-1
50
0
1948
907
0
0
3
-362
-168
1
1
53
0
197
1332
0
0
15
-58
-395
1
1
57
0
911
2883
0
0
16
-120
-381
1
1
58
0
4525
3386
0
0
16
-286
279
0
0
59
0
13105
5614
0
0
2
286
-279
0
0
60
0
12995
5186
0
0
14
12
399
0
2
67
0
8616
8368
0
1
17
381
-118
0
2
3
106
3
150
13
0
1
1105
338
0
0
-1
-1
-1
-1
-1
1
1
9283
8067
0
0
-1
-1
-1
-1
-1
2
1
13050
5400
0
0
-1
-1
-1
-1
-1
4
2
13502
5628
0
0
-1
-1
-1
-1
-1
50
0
1586
739
0
0
3
-362
-168
1
1
53
0
139
937
0
0
15
-58
-395
1
1
57
0
791
2502
0
0
16
-120
-381
1
1
58
0
4239
3665
0
0
16
-286
279
0
0
60
0
13007
5585
0
0
10
12
399
0
2
61
0
4623
3415
0
0
16
-12
-399
0
1
62
0
5548
2138
0
0
17
-297
267
0
0
63
0
12333
7453
0
0
17
338
-213
0
2
67
0
8997
8249
0
1
15
393
-72
0
2
3
102
3
142
14
0
1
1105
338
0
0
-1
-1
-1
-1
-1
1
1
8997
8249
0
0
-1
-1
-1
-1
-1
2
1
13007
5585
0
1
-1
-1
-1
-1
-1
4
2
13502
5628
0
0
-1
-1
-1
-1
-1
5
2
15140
5947
0
0
-1
-1
-1
-1
-1
50
0
3535
1761
0
0
1
-358
-178
1
1
53
0
2088
1959
0
0
15
-291
-273
1
1
57
0
671
2121
0
0
16
-120
-381
1
1
58
0
3953
3944
0
0
16
-286
279
0
0
60
0
13019
5984
0
0
6
12
399
0
2
61
0
4611
3016
0
0
16
-12
-399
0
1
62
0
5251
2405
0
0
17
-297
267
0
0
63
0
12671
7240
0
0
17
338
-213
0
2
67
0
9390
8176
0
0
13
393
-72
0
2
3
94
3
134
15
0
1
1105
338
0
0
-1
-1
-1
-1
-1
1
1
8997
8249
0
0
-1
-1
-1
-1
-1
2
1
12271
5269
0
1
-1
-1
-1
-1
-1
4
2
13502
5628
0
0
-1
-1
-1
-1
-1
50
0
3177
1583
0
0
1
-358
-178
1
1
53
0
1797
1686
0
0
15
-291
-273
1
1
57
0
551
1740
0
0
16
-120
-381
1
1
58
0
3667
4223
0
0
16
-286
279
0
0
60
0
13031
6383
0
0
4
12
399
0
2
61
0
4599
2617
0
0
16
-12
-399
0
1
62
0
4954
2672
0
0
17
-297
267
0
0
63
0
13009
7027
0
0
17
338
-213
0
2
65
0
1643
5691
0
0
17
-244
-316
0
1
67
0
9783
8104
0
1
11
388
93
0
2
71
0
8704
8605
0
0
18
-37
-398
0
0
3
100
3
130
13
0
1
1065
1137
0
0
-1
-1
-1
-1
-1
1
1
9243
8354
0
0
-1
-1
-1
-1
-1
2
1
11535
4953
0
1
-1
-1
-1
-1
-1
4
2
13502
5628
0
0
-1
-1
-1
-1
-1
50
0
2819
1405
0
0
1
-357
-178
1
1
53
0
1506
1413
0
0
15
-291
-273
1
1
57
0
431
1359
0
0
14
-120
-381
1
1
58
0
3381
4502
0
0
16
-286
279
0
0
61
0
4587
2218
0
0
16
-12
-399
0
1
62
0
4657
2939
0
0
17
-297
267
0
0
65
0
1399
5375
0
0
17
-244
-316
0
1
67
0
10171
8197
0
0
9
388
93
0
2
71
0
8667
8207
0
0
16
-37
-398
0
0
3
108
3
134
14
0
1
968
1386
0
0
-1
-1
-1
-1
-1
1
1
9419
8202
0
0
-1
-1
-1
-1
-1
2
1
10799
4637
0
0
-1
-1
-1
-1
-1
50
0
2462
1227
0
0
1
-358
-178
1
1
53
0
1215
1140
0
0
13
-291
-273
1
1
57
0
311
978
0
0
12
-121
-381
1
1
58
0
3095
4781
0
0
16
-286
279
0
0
61
0
4575
1819
0
0
16
-371
-147
1
1
62
0
4360
3206
0
0
17
-297
267
0
0
65
0
1155
5059
0
0
17
-244
-316
0
1
66
0
10305
2901
0
0
17
149
370
0
2
67
0
10559
8290
0
0
7
388
93
0
2
68
0
12045
3121
0
0
17
-77
392
0
0
71
0
8630
7809
0
0
14
-37
-398
0
0
3
94
3
138
13
0
1
968
1386
0
0
-1
-1
-1
-1
-1
1
1
8841
7648
0
0
-1
-1
-1
-1
-1
2
1
10799
4637
12
0
-1
-1
-1
-1
-1
50
0
2104
1049
0
0
1
-357
-178
1
1
53
0
3216
2055
0
0
11
-337
-215
1
1
57
0
2312
1893
0
0
10
-309
-253
1
1
58
0
2809
5060
0
0
16
-286
279
0
0
61
0
4204
1672
0
0
16
-371
-147
1
1
62
0
4063
3473
0
0
17
-297
267
0
0
65
0
911
4743
0
0
17
-75
-392
1
1
66
0
10454
3271
0
0
17
149
370
0
2
68
0
11968
3513
0
0
17
-77
392
0
0
71
0
8593
7411
0
0
12
-37
-398
0
0
3
100
3
142
12
0
1
1766
1453
0
0
-1
-1
-1
-1
-1
1
1
8593
7411
0
0
-1
-1
-1
-1
-1
2
1
11230
3964
11
0
-1
-1
-1
-1
-1
53
0
2879
1840
0
0
11
-337
-215
1
1
57
0
2003
1640
0
0
8
-309
-253
1
1
58
0
2523
5339
0
0
16
-286
279
0
0
61
0
3833
1525
0
0
16
-371
-147
1
1
62
0
3766
3740
0
0
17
-297
267
0
0
65
0
836
4351
0
0
17
-75
-392
1
1
66
0
10603
3641
0
0
17
149
370
0
2
68
0
11891
3905
0
0
17
-77
392
0
0
71
0
8556
7013
0
0
10
-37
-398
0
0
3
110
3
148
11
0
1
2441
1740
0
0
-1
-1
-1
-1
-1
1
1
8556
7013
0
0
-1
-1
-1
-1
-1
2
1
11247
3773
10
0
-1
-1
-1
-1
-1
53
0
2542
1625
0
0
9
-337
-215
1
1
57
0
1694
1387
0
0
6
-309
-253
1
1
61
0
3462
1378
0
0
16
-371
-147
1
1
62
0
3469
4007
0
0
17
-297
267
0
0
65
0
761
3959
0
0
17
-75
-392
1
1
66
0
10752
4011
0
0
15
149
370
0
2
68
0
11814
4297
0
0
15
-77
392
0
0
71
0
8519
6615
0
0
8
-37
-398
0
0
3
110
3
148
11
0
1
2118
1506
0
0
-1
-1
-1
-1
-1
1
1
8519
6615
0
0
-1
-1
-1
-1
-1
2
1
11247
3773
9
0
-1
-1
-1
-1
-1
53
0
2205
1410
0
0
7
-336
-215
1
1
57
0
1385
1134
0
0
4
-309
-253
1
1
61
0
3091
1231
0
0
16
-371
-147
1
1
62
0
3172
4274
0
0
17
-297
267
0
0
65
0
686
3567
0
0
17
-75
-392
1
1
66
0
10901
4381
0
1
13
259
304
0
2
68
0
11737
4689
0
0
13
-77
392
0
0
71
0
8482
6217
0
0
6
-37
-398
0
0
3
108
3
148
12
0
1
1795
1272
0
0
-1
-1
-1
-1
-1
1
1
8482
6217
0
0
-1
-1
-1
-1
-1
2
1
11247
3773
8
0
-1
-1
-1
-1
-1
53
0
1869
1195
0
0
5
-337
-215
1
1
57
0
1076
881
0
0
2
-309
-253
1
1
61
0
2720
1084
0
0
16
-371
-148
1
1
62
0
2875
4541
0
0
17
-297
267
0
0
65
0
611
3175
0
0
17
-75
-392
1
1
66
0
11160
4685
0
1
11
335
218
0
2
68
0
11660
5081
0
0
13
-77
392
0
0
70
0
9185
3181
0
0
18
37
398
0
0
71
0
8445
5819
0
0
4
-37
-398
0
0
3
104
3
152
11
0
1
1472
1038
0
0
-1
-1
-1
-1
-1
1
1
8445
5819
0
0
-1
-1
-1
-1
-1
2
1
11247
3773
7
0
-1
-1
-1
-1
-1
53
0
1532
980
0
0
3
-336
-215
1
1
61
0
2349
936
0
0
16
-371
-148
1
1
62
0
2578
4808
0
0
17
-297
267
0
0
65
0
536
2783
0
0
17
-75
-392
1
1
66
0
11495
4903
0
1
11
394
66
0
2
68
0
11583
5473
0
0
13
-77
392
0
0
70
0
9222
3579
0
0
18
37
398
0
0
71
0
8408
5421
0
0
2
-37
-398
0
0
3
98
3
156
10
0
1
1472
1038
0
0
-1
-1
-1
-1
-1
1
1
8408
5421
0
0
-1
-1
-1
-1
-1
2
1
11247
3773
6
0
-1
-1
-1
-1
-1
53
0
1196
765
0
0
1
-336
-215
1
1
61
0
1978
788
0
0
16
-371
-148
1
1
62
0
2281
5075
0
0
17
-297
267
0
0
65
0
461
2391
0
0
17
-75
-392
1
1
66
0
11889
4969
0
1
11
124
380
0
2
68
0
11506
5865
0
0
13
-77
392
0
0
70
0
9259
3977
0
0
18
37
398
0
0
3
104
3
160
10
0
1
1587
776
0
0
-1
-1
-1
-1
-1
1
1
9116
5792
0
0
-1
-1
-1
-1
-1
2
1
11473
4540
5
0
-1
-1
-1
-1
-1
61
0
1607
640
0
0
14
-371
-147
1
1
62
0
1984
5342
0
0
17
-297
267
0
0
65
0
386
1999
0
0
17
-75
-392
1
1
66
0
12013
5349
0
0
9
124
380
0
2
68
0
11429
6257
0
0
13
-77
392
0
0
70
0
9296
4375
0
0
18
37
398
0
0
73
0
3684
4729
0
0
18
-87
-390
0
1
3
108
3
166
10
0
1
1607
640
0
0
-1
-1
-1
-1
-1
1
1
9831
6149
0
0
-1
-1
-1
-1
-1
2
1
11663
5316
4
0
-1
-1
-1
-1
-1
61
0
1236
493
0
0
12
-371
-148
1
1
62
0
1687
5609
0
0
17
-297
267
0
0
65
0
311
1607
0
0
17
-76
-392
1
1
66
0
12137
5729
0
0
7
124
380
0
2
68
0
11352
6649
0
0
13
-77
392
0
0
70
0
9333
4773
0
0
18
37
398
0
0
73
0
3597
4339
0
0
18
-87
-390
0
1
3
104
3
160
9
0
1
826
810
0
0
-1
-1
-1
-1
-1
1
1
9831
6149
0
0
-1
-1
-1
-1
-1
2
1
11792
6105
3
0
-1
-1
-1
-1
-1
61
0
865
345
0
0
10
-371
-148
1
1
65
0
235
1215
0
0
17
-75
-392
1
1
66
0
12261
6109
0
0
5
124
380
0
2
68
0
11275
7041
0
1
11
376
135
0
2
70
0
9370
5171
0
0
18
37
398
0
0
73
0
3510
3949
0
0
18
-87
-390
0
1
3
102
3
160
10
0
1
826
810
0
0
-1
-1
-1
-1
-1
1
1
10603
6358
0
0
-1
-1
-1
-1
-1
2
1
11768
6575
2
0
-1
-1
-1
-1
-1
61
0
2843
1309
0
0
8
-363
-167
1
1
65
0
2213
2179
0
0
15
-285
-280
1
1
66
0
12385
6489
0
0
3
124
380
0
2
68
0
11651
7176
0
0
9
376
135
0
2
70
0
9407
5569
0
0
18
37
398
0
0
73
0
3423
3559
0
0
18
-277
-288
1
1
79
0
10681
8299
0
0
19
311
-250
0
2
3
108
3
166
10
0
1
1553
1146
0
0
-1
-1
-1
-1
-1
1
1
11253
6823
0
0
-1
-1
-1
-1
-1
2
1
12018
6832
1
0
-1
-1
-1
-1
-1
61
0
2480
1142
0
0
8
-363
-167
1
1
65
0
1928
1899
0
0
15
-284
-280
1
1
66
0
12509
6869
0
0
1
124
380
0
2
68
0
12027
7311
0
0
5
376
135
0
2
70
0
9444
5967
0
0
18
37
398
0
0
73
0
3146
3271
0
0
18
-277
-288
1
1
79
0
10992
8049
0
0
19
311
-250
0
2
3
120
3
166
8
0
1
2204
1520
0
0
-1
-1
-1
-1
-1
1
1
11893
7301
0
0
-1
-1
-1
-1
-1
2
1
12268
7090
0
0
-1
-1
-1
-1
-1
61
0
2117
975
0
0
6
-363
-167
1
1
65
0
1644
1619
0
0
13
-285
-280
1
1
68
0
12403
7446
0
0
1
376
135
0
2
73
0
2869
2983
0
0
18
-277
-288
1
1
79
0
11303
7799
0
0
19
311
-250
0
2
3
110
3
170
7
0
1
2204
1520
0
0
-1
-1
-1
-1
-1
1
1
11893
7301
0
0
-1
-1
-1
-1
-1
2
1
12268
7090
0
0
-1
-1
-1
-1
-1
61
0
1754
808
0
0
4
-363
-167
1
1
65
0
1359
1339
0
0
11
-284
-280
1
1
73
0
2592
2695
0
0
18
-277
-288
1
1
79
0
11614
7549
0
1
17
399
-27
0
2
3
104
3
164
11
0
1
2204
1520
0
0
-1
-1
-1
-1
-1
1
1
11614
7549
0
0
-1
-1
-1
-1
-1
2
1
12268
7090
0
0
-1
-1
-1
-1
-1
4
2
13724
7188
0
0
-1
-1
-1
-1
-1
61
0
1391
641
0
0
4
-363
-167
1
1
65
0
1075
1059
0
0
11
-284
-280
1
1
70
0
9555
7161
0
0
18
37
398
0
0
73
0
2315
2407
0
0
18
-277
-288
1
1
77
0
9960
6739
0
0
18
343
-204
0
0
78
0
5705
1701
0
0
19
-311
250
0
1
79
0
12013
7521
0
1
13
396
55
0
2
3
98
3
156
11
0
1
2204
1520
0
0
-1
-1
-1
-1
-1
1
1
11614
7549
0
1
-1
-1
-1
-1
-1
2
1
12013
7521
0
0
-1
-1
-1
-1
-1
4
2
13724
7188
0
0
-1
-1
-1
-1
-1
61
0
1028
474
0
0
4
-363
-167
1
1
65
0
791
779
0
0
11
-284
-280
1
1
70
0
9592
7559
0
0
18
37
398
0
0
73
0
2038
2119
0
0
18
-277
-288
1
1
77
0
10303
6535
0
0
18
343
-204
0
0
78
0
5394
1951
0
0
19
-311
250
0
1
79
0
12409
7576
12
0
9
396
55
0
2
3
102
3
140
11
0
1
1574
1028
0
0
-1
-1
-1
-1
-1
1
1
10943
7113
0
1
-1
-1
-1
-1
-1
2
1
12409
7576
0
0
-1
-1
-1
-1
-1
4
2
13724
7188
0
0
-1
-1
-1
-1
-1
61
0
665
307
0
0
2
-363
-167
1
1
65
0
507
499
0
0
11
-285
-280
1
1
70
0
9629
7957
0
0
18
37
398
0
0
73
0
1761
1831
0
0
18
-277
-288
1
1
77
0
10646
6331
0
0
18
343
-204
0
0
78
0
5083
2201
0
0
19
-311
250
0
1
79
0
12805
7631
11
0
7
396
55
0
2
3
96
3
132
12
0
1
1574
1028
0
0
-1
-1
-1
-1
-1
1
1
10272
6677
0
0
-1
-1
-1
-1
-1
2
1
12805
7631
0
1
-1
-1
-1
-1
-1
4
2
13724
7188
0
0
-1
-1
-1
-1
-1
5
2
13496
5873
0
0
-1
-1
-1
-1
-1
61
0
2636
1286
0
0
2
-359
-175
1
1
65
0
2478
1478
0
0
11
-343
-204
1
1
70
0
9666
8355
0
0
18
37
398
0
0
73
0
3732
2810
0
0
18
-319
-240
1
1
77
0
10989
6127
0
0
16
343
-204
0
0
78
0
4772
2451
0
0
19
-311
250
0
1
79
0
13201
7686
10
0
5
383
113
1
2
3
90
3
116
12
0
1
2214
1178
0
0
-1
-1
-1
-1
-1
1
1
10272
6677
12
0
-1
-1
-1
-1
-1
2
1
12117
7221
0
1
-1
-1
-1
-1
-1
4
2
13724
7188
0
0
-1
-1
-1
-1
-1
5
2
13496
5873
0
0
-1
-1
-1
-1
-1
65
0
2135
1274
0
0
9
-343
-204
1
1
70
0
9703
8753
0
0
18
37
398
0
0
73
0
3413
2570
0
0
18
-319
-240
1
1
75
0
3020
4897
0
0
18
-305
-258
0
1
77
0
11332
5923
0
0
16
343
-204
0
0
78
0
4461
2701
0
0
19
-311
250
0
1
79
0
13584
7799
9
0
3
383
113
1
2
3
94
3
108
9
0
1
2135
1274
0
0
-1
-1
-1
-1
-1
1
1
10937
6233
11
0
-1
-1
-1
-1
-1
2
1
11429
6811
0
1
-1
-1
-1
-1
-1
5
2
12725
5657
0
0
-1
-1
-1
-1
-1
65
0
1792
1070
0
0
7
-343
-205
1
1
73
0
3094
2330
0
0
18
-319
-240
1
1
75
0
2715
4639
0
0
18
-305
-258
0
1
77
0
11675
5719
0
0
14
343
-204
0
0
78
0
4150
2951
0
0
19
-311
250
0
1
3
98
3
102
9
0
1
1792
1070
0
0
-1
-1
-1
-1
-1
1
1
11603
5790
10
0
-1
-1
-1
-1
-1
2
1
10741
6401
0
0
-1
-1
-1
-1
-1
5
2
12725
5657
0
0
-1
-1
-1
-1
-1
65
0
1449
865
0
0
5
-343
-205
1
1
73
0
2775
2090
0
0
18
-319
-240
1
1
75
0
2410
4381
0
0
18
-305
-258
0
1
77
0
12018
5515
0
1
12
-363
-166
0
1
78
0
3839
3201
0
0
19
-307
-256
1
1
3
92
3
104
10
0
1
1449
865
0
0
-1
-1
-1
-1
-1
1
1
12018
5515
9
0
-1
-1
-1
-1
-1
2
1
10741
6401
12
0
-1
-1
-1
-1
-1
5
2
11954
5441
0
0
-1
-1
-1
-1
-1
65
0
1106
660
0
0
3
-343
-204
1
1
73
0
2456
1850
0
0
18
-319
-240
1
1
75
0
2105
4123
0
0
18
-181
-356
1
1
77
0
11654
5348
0
0
8
-363
-166
0
1
78
0
3532
2945
0
0
19
-307
-256
1
1
85
0
9159
7771
0
0
19
362
-169
0
2
3
96
3
106
11
0
1
1106
660
0
0
-1
-1
-1
-1
-1
1
1
11654
5348
8
0
-1
-1
-1
-1
-1
2
1
10229
7016
11
0
-1
-1
-1
-1
-1
4
2
13032
6737
0
0
-1
-1
-1
-1
-1
5
2
11183
5225
0
0
-1
-1
-1
-1
-1
65
0
763
456
0
0
1
-343
-205
1
1
73
0
2137
1610
0
0
18
-319
-240
1
1
75
0
1924
3767
0
0
18
-181
-356
1
1
77
0
11291
5182
0
0
4
-363
-166
0
1
78
0
3225
2689
0
0
19
-307
-256
1
1
85
0
9521
7602
0
0
19
362
-169
0
2
3
92
3
108
12
0
1
1106
660
0
0
-1
-1
-1
-1
-1
1
1
11291
5182
7
0
-1
-1
-1
-1
-1
2
1
9883
7433
10
0
-1
-1
-1
-1
-1
4
2
12412
6230
0
0
-1
-1
-1
-1
-1
5
2
10412
5010
0
0
-1
-1
-1
-1
-1
73
0
1818
1370
0
0
18
-319
-240
1
1
75
0
1743
3411
0
0
18
-182
-356
1
1
77
0
10928
5016
0
0
2
-363
-166
0
1
78
0
2918
2433
0
0
19
-307
-256
1
1
85
0
9883
7433
0
0
17
362
-169
0
2
89
0
8145
8440
0
0
20
370
-151
0
2
91
0
8611
8215
0
0
20
-51
-396
0
0
3
100
3
110
11
0
1
1655
1243
0
0
-1
-1
-1
-1
-1
1
1
10928
5016
6
0
-1
-1
-1
-1
-1
2
1
9247
7824
9
0
-1
-1
-1
-1
-1
4
2
11771
5751
0
0
-1
-1
-1
-1
-1
5
2
9641
4795
0
0
-1
-1
-1
-1
-1
73
0
1499
1130
0
0
16
-319
-240
1
1
75
0
1561
3055
0
0
18
-182
-356
1
1
78
0
2611
2177
0
0
19
-307
-256
1
1
85
0
10245
7264
0
0
15
362
-169
0
2
89
0
8515
8289
0
0
20
370
-151
0
2
91
0
8560
7819
0
0
18
-51
-396
0
0
3
106
3
102
11
0
1
2055
1653
0
0
-1
-1
-1
-1
-1
1
1
10805
5806
5
0
-1
-1
-1
-1
-1
2
1
9952
7446
8
0
-1
-1
-1
-1
-1
4
2
11771
5751
0
0
-1
-1
-1
-1
-1
73
0
1180
890
0
0
14
-319
-240
1
1
75
0
1379
2699
0
0
18
-181
-356
1
1
76
0
3897
4505
0
0
18
-343
204
0
0
78
0
2304
1921
0
0
17
-307
-256
1
1
85
0
10607
7095
0
1
13
-332
-222
0
1
89
0
8885
8138
0
0
20
370
-151
0
2
91
0
8509
7423
0
0
18
-51
-396
0
0
3
92
3
104
11
0
1
1742
1405
0
0
-1
-1
-1
-1
-1
1
1
10805
5806
4
0
-1
-1
-1
-1
-1
2
1
9952
7446
7
0
-1
-1
-1
-1
-1
4
2
11131
6231
0
0
-1
-1
-1
-1
-1
73
0
861
650
0
0
12
-319
-241
1
1
75
0
1198
2343
0
0
18
-182
-356
1
1
76
0
3554
4709
0
0
18
-343
204
0
0
78
0
1997
1665
0
0
15
-307
-256
1
1
85
0
10274
6872
0
1
11
392
77
0
2
89
0
9255
7987
0
0
20
370
-151
0
2
91
0
8458
7027
0
0
18
-51
-396
0
0
3
88
3
106
11
0
1
1742
1405
0
0
-1
-1
-1
-1
-1
1
1
10690
6597
3
0
-1
-1
-1
-1
-1
2
1
9329
7295
6
0
-1
-1
-1
-1
-1
4
2
11922
6343
0
0
-1
-1
-1
-1
-1
73
0
2846
1599
0
0
12
-348
-195
1
1
75
0
3183
3292
0
0
18
-278
-287
1
1
76
0
3211
4913
0
0
18
-343
204
0
0
78
0
3982
2614
0
0
13
-334
-219
1
1
85
0
10666
6949
0
0
9
392
77
0
2
89
0
9625
7836
0
0
18
370
-151
0
2
91
0
8407
6631
0
0
18
-51
-396
0
0
3
96
3
98
12
0
1
2490
1691
0
0
-1
-1
-1
-1
-1
1
1
10551
7384
2
0
-1
-1
-1
-1
-1
2
1
10128
7258
5
0
-1
-1
-1
-1
-1
73
0
2498
1404
0
0
10
-348
-195
1
1
75
0
2905
3005
0
0
18
-278
-287
1
1
76
0
2868
5117
0
0
18
-343
204
0
0
78
0
3648
2395
0
0
13
-334
-219
1
1
83
0
3153
4745
0
0
19
-298
-266
0
1
85
0
11058
7026
0
0
5
392
77
0
2
89
0
9995
7685
0
0
16
370
-151
0
2
91
0
8356
6235
0
0
18
-51
-396
0
0
95
0
10143
8911
0
0
21
332
-222
0
2
3
106
3
90
11
0
1
3073
1899
0
0
-1
-1
-1
-1
-1
1
1
10526
7355
1
0
-1
-1
-1
-1
-1
2
1
10398
7874
4
0
-1
-1
-1
-1
-1
73
0
2150
1209
0
0
8
-348
-196
1
1
75
0
2627
2718
0
0
18
-277
-287
1
1
76
0
2525
5321
0
0
18
-343
204
0
0
78
0
3314
2176
0
0
11
-334
-219
1
1
83
0
2855
4479
0
0
19
-298
-266
0
1
85
0
11450
7103
0
0
3
392
77
0
2
89
0
10365
7534
0
0
12
370
-151
0
2
95
0
10475
8689
0
0
21
332
-222
0
2
3
106
3
80
12
0
1
2697
2034
0
0
-1
-1
-1
-1
-1
1
1
10907
7318
0
0
-1
-1
-1
-1
-1
2
1
10398
7874
3
0
-1
-1
-1
-1
-1
73
0
1802
1013
0
0
8
-348
-196
1
1
75
0
2350
2431
0
0
16
-278
-287
1
1
76
0
2182
5525
0
0
18
-343
204
0
0
78
0
2980
1957
0
0
9
-334
-219
1
1
83
0
2557
4213
0
0
19
-207
-341
1
1
84
0
5213
2750
0
0
19
-362
169
0
1
85
0
11842
7180
0
0
1
392
77
0
2
89
0
10735
7383
0
1
8
391
80
0
2
95
0
10807
8467
0
0
21
332
-222
0
2
3
116
3
82
10
0
1
2377
1800
0
0
-1
-1
-1
-1
-1
1
1
11288
7281
0
0
-1
-1
-1
-1
-1
2
1
11128
7676
2
0
-1
-1
-1
-1
-1
73
0
1454
817
0
0
8
-348
-195
1
1
75
0
2072
2144
0
0
14
-277
-287
1
1
78
0
2646
1738
0
0
7
-334
-219
1
1
83
0
2350
3872
0
0
19
-207
-341
1
1
84
0
4851
2919
0
0
19
-362
169
0
1
89
0
11126
7463
0
0
4
391
80
0
2
95
0
11139
8245
0
0
21
332
-222
0
2
3
116
3
86
9
0
1
2377
1800
0
0
-1
-1
-1
-1
-1
1
1
11288
7281
0
0
-1
-1
-1
-1
-1
2
1
11132
7854
1
0
-1
-1
-1
-1
-1
73
0
1106
622
0
0
8
-348
-196
1
1
75
0
1795
1857
0
0
12
-278
-287
1
1
78
0
2312
1519
0
0
5
-334
-219
1
1
83
0
2143
3531
0
0
19
-207
-341
1
1
84
0
4489
3088
0
0
19
-362
169
0
1
95
0
11471
8023
0
1
19
399
-10
0
2
3
104
3
76
10
0
1
2377
1800
0
0
-1
-1
-1
-1
-1
1
1
11288
7281
0
0
-1
-1
-1
-1
-1
2
1
11132
7854
0
0
-1
-1
-1
-1
-1
73
0
758
426
0
0
8
-348
-195
1
1
75
0
1517
1570
0
0
10
-277
-287
1
1
78
0
1978
1300
0
0
3
-334
-219
1
1
83
0
1936
3190
0
0
19
-207
-341
1
1
84
0
4127
3257
0
0
19
-362
169
0
1
94
0
5827
1199
0
0
21
-332
222
0
1
95
0
11870
8012
0
1
15
399
-24
0
2
3
98
3
78
11
0
1
2377
1800
0
0
-1
-1
-1
-1
-1
1
1
11288
7281
0
0
-1
-1
-1
-1
-1
2
1
11870
8012
0
0
-1
-1
-1
-1
-1
73
0
410
231
0
0
8
-348
-196
1
1
75
0
1240
1283
0
0
10
-277
-287
1
1
78
0
1644
1081
0
0
1
-334
-219
1
1
83
0
1729
2849
0
0
19
-207
-341
1
1
84
0
3765
3426
0
0
19
-362
169
0
1
88
0
5415
2221
0
0
20
-370
151
0
1
94
0
5495
1421
0
0
21
-332
222
0
1
95
0
12258
7987
12
0
13
399
-24
0
2
2
104
3
70
10
0
1
1760
1292
0
0
-1
-1
-1
-1
-1
1
1
10548
6974
0
0
-1
-1
-1
-1
-1
2
1
12258
7987
0
0
-1
-1
-1
-1
-1
75
0
963
996
0
0
8
-278
-287
1
1
83
0
1522
2508
0
0
19
-207
-341
1
1
84
0
3403
3595
12
0
19
-274
-290
1
1
88
0
5045
2372
0
0
20
-370
151
0
1
92
0
10319
5089
0
0
20
-156
368
0
0
94
0
5163
1643
0
0
21
-332
222
0
1
95
0
12657
7963
11
0
11
399
-24
0
2
2
96
3
72
11
0
1
1760
1292
0
0
-1
-1
-1
-1
-1
1
1
10548
6974
0
0
-1
-1
-1
-1
-1
2
1
12657
7963
0
0
-1
-1
-1
-1
-1
4
2
13175
6829
0
0
-1
-1
-1
-1
-1
75
0
685
709
0
0
8
-277
-287
1
1
83
0
1315
2167
0
0
19
-207
-341
1
1
84
0
3129
3305
11
0
19
-275
-290
1
1
88
0
4675
2523
0
0
20
-370
151
0
1
92
0
10163
5457
0
1
20
399
0
0
2
94
0
4831
1865
0
0
21
-332
222
0
1
95
0
13056
7939
10
0
9
389
90
1
2
2
88
3
54
11
0
1
1760
1292
0
0
-1
-1
-1
-1
-1
1
1
10555
6174
0
0
-1
-1
-1
-1
-1
2
1
13056
7939
0
1
-1
-1
-1
-1
-1
4
2
13175
6829
0
0
-1
-1
-1
-1
-1
75
0
2664
1671
0
0
8
-338
-212
1
1
83
0
3294
3129
0
0
19
-290
-275
1
1
84
0
2854
3015
10
0
19
-274
-290
1
1
88
0
4305
2674
12
0
20
-370
151
0
1
92
0
10562
5456
0
0
20
399
0
0
2
94
0
4499
2087
0
0
21
-362
-168
1
1
95
0
13445
8029
9
0
7
389
90
1
2
2
92
3
48
14
0
1
2245
1929
0
0
-1
-1
-1
-1
-1
1
1
10562
5456
0
0
-1
-1
-1
-1
-1
2
1
12372
7523
0
1
-1
-1
-1
-1
-1
4
2
13175
6829
0
0
-1
-1
-1
-1
-1
5
2
4470
3000
0
0
-1
-1
-1
-1
-1
75
0
2326
1459
0
0
6
-338
-212
1
1
83
0
3004
2854
0
0
19
-289
-275
1
1
84
0
2580
2725
9
0
19
-275
-290
1
1
88
0
3935
2825
11
0
18
-324
-233
1
1
90
0
5443
1625
0
0
20
-383
-114
0
1
92
0
10961
5456
0
0
18
399
0
0
2
94
0
4137
1919
0
0
21
-362
-168
1
1
95
0
13834
8119
8
0
7
389
90
1
2
97
0
1147
5571
0
0
21
-262
-302
0
1
2
98
3
22
13
0
1
2636
2346
0
0
-1
-1
-1
-1
-1
1
1
10961
5456
0
0
-1
-1
-1
-1
-1
2
1
11688
7107
0
1
-1
-1
-1
-1
-1
4
2
13175
6829
0
0
-1
-1
-1
-1
-1
5
2
4470
3000
0
0
-1
-1
-1
-1
-1
75
0
1988
1247
0
0
6
-338
-212
1
1
83
0
2715
2579
0
0
17
-290
-275
1
1
84
0
2305
2435
8
0
17
-274
-290
1
1
88
0
3611
2592
10
0
16
-324
-233
1
1
90
0
5060
1511
0
0
20
-383
-114
0
1
92
0
11360
5456
0
0
16
399
0
0
2
94
0
3775
1751
12
0
21
-362
-168
1
1
97
0
885
5269
0
0
21
-262
-302
0
1
2
104
3
24
15
0
1
2336
2087
0
0
-1
-1
-1
-1
-1
1
1
11360
5456
0
0
-1
-1
-1
-1
-1
2
1
11004
6691
0
0
-1
-1
-1
-1
-1
4
2
12388
6976
0
0
-1
-1
-1
-1
-1
5
2
3757
2638
0
0
-1
-1
-1
-1
-1
75
0
1650
1035
0
0
6
-338
-212
1
1
83
0
2425
2304
0
0
15
-289
-275
1
1
84
0
2031
2145
7
0
15
-275
-290
1
1
88
0
3287
2359
9
0
14
-324
-233
1
1
90
0
4677
1397
0
0
20
-383
-114
1
1
91
0
4924
3242
0
0
18
-333
-220
0
1
92
0
11759
5456
0
0
14
399
0
0
2
93
0
4668
3100
0
0
20
-333
-221
0
1
94
0
3413
1583
11
0
21
-362
-168
1
1
97
0
623
4967
0
0
21
-262
-302
0
1
2
90
3
18
17
0
1
2336
2087
0
1
-1
-1
-1
-1
-1
1
1
11360
5456
0
0
-1
-1
-1
-1
-1
2
1
11004
6691
12
0
-1
-1
-1
-1
-1
4
2
13091
7356
0
0
-1
-1
-1
-1
-1
5
2
3757
2638
0
0
-1
-1
-1
-1
-1
75
0
1312
823
0
0
6
-338
-212
1
1
83
0
2136
2029
0
0
13
-290
-275
1
1
84
0
1756
1855
6
0
13
-274
-290
1
1
88
0
2963
2126
8
0
12
-324
-233
1
1
90
0
4294
1283
0
0
20
-383
-114
1
1
91
0
4591
3022
0
0
18
-333
-220
0
1
92
0
12158
5456
0
1
12
374
141
0
2
93
0
4335
2879
0
0
20
-333
-221
0
1
94
0
3051
1415
10
0
21
-362
-168
1
1
97
0
361
4665
0
0
21
-30
-398
1
1
98
0
10903
3509
0
0
21
174
359
0
2
101
0
9195
7843
0
0
21
365
-163
0
2
2
94
3
24
16
0
1
3065
2417
0
0
-1
-1
-1
-1
-1
1
1
12158
5456
0
0
-1
-1
-1
-1
-1
2
1
10305
6301
11
0
-1
-1
-1
-1
-1
5
2
4002
2658
0
0
-1
-1
-1
-1
-1
75
0
974
611
0
0
6
-338
-212
1
1
83
0
1846
1754
0
0
13
-289
-275
1
1
84
0
1482
1565
5
0
13
-275
-290
1
1
88
0
2639
1893
7
0
10
-325
-233
1
1
90
0
3911
1169
0
0
20
-383
-114
1
1
91
0
4258
2802
0
0
16
-333
-220
0
1
92
0
12532
5597
0
0
10
374
141
0
2
93
0
4002
2658
0
0
18
-333
-221
1
1
94
0
2689
1247
9
0
21
-362
-168
1
1
97
0
331
4267
0
0
21
-30
-398
1
1
98
0
11077
3868
0
0
21
174
359
0
2
101
0
9560
7680
0
0
21
365
-163
0
2
2
88
3
20
16
0
1
3065
2417
12
1
-1
-1
-1
-1
-1
1
1
12532
5597
0
0
-1
-1
-1
-1
-1
2
1
9612
5901
10
0
-1
-1
-1
-1
-1
5
2
4002
2658
0
0
-1
-1
-1
-1
-1
75
0
636
399
0
0
6
-338
-212
1
1
83
0
1557
1479
0
0
13
-290
-275
1
1
84
0
1207
1275
4
0
13
-274
-290
1
1
88
0
2314
1660
6
0
8
-325
-233
1
1
90
0
3528
1055
0
0
20
-383
-114
1
1
91
0
3925
2582
0
0
14
-334
-219
1
1
92
0
12906
5738
0
0
8
374
141
0
2
93
0
3669
2437
0
0
16
-333
-221
1
1
94
0
2327
1079
8
0
21
-362
-168
1
1
97
0
301
3869
0
0
21
-31
-398
1
1
98
0
11251
4227
0
0
21
174
359
0
2
101
0
9925
7517
0
0
21
365
-163
0
2
2
94
3
24
15
0
1
3794
2747
11
0
-1
-1
-1
-1
-1
1
1
12906
5738
0
0
-1
-1
-1
-1
-1
2
1
8919
5501
9
0
-1
-1
-1
-1
-1
5
2
4614
3174
0
0
-1
-1
-1
-1
-1
75
0
298
187
0
0
6
-297
-186
1
1
83
0
1267
1204
0
0
13
-289
-275
1
1
84
0
933
985
3
0
13
-275
-290
1
1
88
0
1989
1427
5
0
8
-325
-233
1
1
90
0
3145
941
0
0
20
-383
-114
1
1
91
0
3591
2363
0
0
12
-334
-219
1
1
92
0
13280
5879
0
0
6
374
141
0
2
93
0
3336
2216
0
0
14
-333
-221
1
1
94
0
1965
911
7
0
21
-362
-168
1
1
97
0
270
3471
0
0
21
-31
-398
1
1
98
0
11425
4586
0
0
21
174
359
0
2
1
96
3
16
16
0
1
4172
3453
10
0
-1
-1
-1
-1
-1
1
1
13280
5879
0
0
-1
-1
-1
-1
-1
2
1
8126
5399
8
0
-1
-1
-1
-1
-1
5
2
5294
3597
0
0
-1
-1
-1
-1
-1
82
0
14326
6840
0
0
3
334
218
1
2
83
0
978
929
0
0
13
-290
-275
1
1
84
0
658
695
2
0
13
-275
-290
1
1
88
0
1664
1194
4
0
8
-324
-233
1
1
90
0
2762
827
0
0
20
-383
-114
1
1
91
0
3257
2144
0
0
12
-334
-219
1
1
92
0
13654
6020
0
0
4
320
239
1
2
93
0
3003
1995
0
0
14
-333
-221
1
1
94
0
1603
743
6
0
21
-362
-168
1
1
97
0
239
3073
0
0
21
-31
-398
1
1
98
0
11599
4945
0
0
21
174
359
0
2
99
0
6031
4055
0
0
21
-174
-359
0
1
1
96
3
20
17
0
1
4550
4159
9
0
-1
-1
-1
-1
-1
1
1
12484
5794
0
0
-1
-1
-1
-1
-1
2
1
7333
5297
7
0
-1
-1
-1
-1
-1
4
2
14246
7100
0
0
-1
-1
-1
-1
-1
5
2
5857
3696
0
0
-1
-1
-1
-1
-1
83
0
688
654
0
0
13
-289
-275
1
1
84
0
383
405
1
0
13
-274
-290
1
1
88
0
1340
961
3
0
8
-325
-233
1
1
90
0
2379
713
0
0
20
-383
-114
1
1
91
0
2923
1925
0
0
12
-334
-220
1
1
92
0
13974
6259
0
0
4
320
239
1
2
93
0
2670
1774
0
0
14
-333
-221
1
1
94
0
1241
575
5
0
21
-362
-168
1
1
97
0
208
2675
0
0
21
-31
-398
1
1
98
0
11773
5304
0
0
21
174
359
0
2
99
0
5857
3696
0
0
19
-174
-359
0
1
101
0
11020
7028
0
0
21
365
-163
0
2